java.lang.String[]
simplejavacalculator.Calculator$BiOperatorModes[]
simplejavacalculator.Calculator$MonoOperatorModes[]
javax.swing.JButton[]
